Gilliard, Lavette ,3570,100.00,87.50,100.00,95.83,76.30,96.90,-1.00,86.60,83.33,65.50
Carriere, Torie ,4782,90.00,87.50,85.00,87.50,80.20,88.50,-1.00,84.35,94.19,87.50
Commons, Corey ,9058,90.00,81.30,100.00,90.43,91.60,84.00,-1.00,87.80,96.12,86.00
Lim, Caleb ,9871,80.00,81.30,10.00,57.10,72.20,86.30,-1.00,79.25,66.67,72.30
Gershman, Jeane ,10843,50.00,81.30,60.00,63.77,50.40,98.50,-1.00,74.45,78.29,73.20
Radcliff, Trinity ,10983,100.00,75.00,70.00,81.67,96.90,67.90,-1.00,82.40,91.86,84.50
Melchior, Lakesha ,11170,90.00,81.30,90.00,87.10,68.70,72.50,-1.00,70.60,85.27,89.30
Smith, John ,11211,100.00,100.00,100.00,100.00,100.00,100.00,100.00,100.00,100.00,100.00
Pascale, Dara ,11629,90.00,87.50,100.00,92.50,85.50,84.00,-1.00,84.75,91.47,81.80
Degenhardt, ,11675,90.00,87.50,100.00,92.50,96.20,71.00,-1.00,83.60,100.00,86.60
Lichtman, Crystal ,11684,90.00,81.30,100.00,90.43,95.40,92.30,-1.00,93.85,96.12,86.90
Start, Mary Alice,11714,90.00,93.80,85.00,89.60,88.50,99.20,-1.00,93.85,92.25,65.60
Marcinkowski, Clarita ,11756,100.00,81.30,100.00,93.77,99.20,87.00,-1.00,93.10,100.00,90.20
Rogowski, Leonore ,11777,90.00,93.80,80.00,87.93,91.60,100.80,-1.00,96.20,86.05,88.10
Hanselman, Melodi ,11800,90.00,81.30,90.00,87.10,78.60,90.10,-1.00,84.35,93.02,93.50
Luedke, Hilton ,11805,80.00,62.50,0.00,47.50,47.30,48.90,-1.00,48.10,0.00,31.80
Bleich, Kayleigh ,11811,0.00,87.50,100.00,62.50,87.80,100.80,-1.00,94.30,93.80,83.00
Gregorich, Deeanna ,11828,90.00,87.50,80.00,85.83,100.00,100.80,-1.00,100.40,100.00,77.10
Faison, Darwin ,11836,90.00,0.00,0.00,30.00,82.40,92.40,-1.00,87.40,0.00,0.00
Malcom, Sammie ,11884,80.00,81.30,0.00,53.77,86.30,85.50,-1.00,85.90,86.05,82.10
Kelch, Madalene ,11929,90.00,93.80,85.00,89.60,85.50,91.60,-1.00,88.55,96.12,84.50
Maggio, Leoma ,11951,90.00,81.30,100.00,90.43,81.70,74.80,-1.00,78.25,97.67,84.20
Loiacono, Lexie ,11952,90.00,100.00,90.00,93.33,80.20,102.30,-1.00,91.25,88.76,60.40
Gong, Jenniffer ,11963,70.00,87.50,90.00,82.50,101.50,87.00,-1.00,94.25,82.95,71.40
Longoria, Rico ,12016,90.00,93.80,0.00,61.27,88.90,103.80,-1.00,96.35,90.70,85.40
Calcagno, Dani ,12052,90.00,87.50,100.00,92.50,107.60,84.00,-1.00,95.80,84.50,81.30
Vo, Soledad ,12075,80.00,68.80,75.00,74.60,-1.00,-1.00,-1.00,-1.00,88.37,82.10
Brunke, Eufemia ,12080,90.00,75.00,100.00,88.33,84.00,82.40,-1.00,83.20,97.67,88.40
Rosengarten, Horace ,12082,80.00,100.00,100.00,93.33,89.30,98.50,-1.00,93.90,80.62,80.40
Rohan, Vikki ,12097,90.00,81.30,70.00,80.43,85.50,93.10,-1.00,89.30,96.12,80.90
Salo, Gonzalo ,12149,90.00,100.00,100.00,96.67,107.60,76.30,-1.00,91.95,97.48,85.40
Mancilla, Sarai ,12150,90.00,68.80,80.00,79.60,101.50,96.90,-1.00,99.20,82.56,85.70
Bayles, Lea ,12163,100.00,87.50,60.00,82.50,103.10,90.10,-1.00,96.60,94.57,82.10
Callison, Filiberto ,12178,90.00,81.30,70.00,80.43,89.30,89.30,-1.00,89.30,96.12,87.50
Stockstill, Elizabeth,12591,80.00,87.50,100.00,89.17,95.40,87.00,-1.00,91.20,82.95,85.40
Gassner, Brunilda ,12764,0.00,87.50,90.00,59.17,-1.00,93.10,-1.00,93.10,80.62,89.30
Paniagua, Danae ,13085,70.00,75.00,10.00,51.67,51.90,87.80,-1.00,69.85,74.42,61.90
Boaz, Kathie ,13115,90.00,81.30,90.00,87.10,87.00,74.00,-1.00,80.50,97.67,90.20
Nieto, Jerrie ,13120,0.00,75.00,100.00,58.33,79.40,67.90,-1.00,73.65,84.50,84.80
Hargett, Denice ,13128,80.00,75.00,100.00,85.00,90.10,73.30,-1.00,81.70,96.12,86.30
McKnight, Sol ,13147,100.00,93.80,80.00,91.27,75.20,76.30,-1.00,75.75,88.37,86.30
Von deHaar, Mary,15999,95.00,86.30,100.00,93.77,-1.00,-1.00,-1.00,-1.00,96.12,86.90
